GenomeName, ParentName, BranchLength, GenomeLength, ParentLength, Subtitutions, Transitions, Transversions, Matches, GapInsertions, GapInsertedBases, GapDeletions, GapDeletedBases, Insertions, InsertionBases, Deletions, DeletionBases, Inversions, InvertedBases, Duplications, DuplicatedBases, Transpositions, TranspositionBases, Other
Anc1, Anc0, 6, 20774907, 15351257, 506847, 237137, 269403, 15120414, 61822, 245980, 1697, 33091, 3527, 3465457, 10, 507, 2, 2865, 12392, 341622, 4, 8547, 0
Anc2, Anc0, 3, 20909981, 15351257, 518538, 242334, 275973, 15201080, 61381, 314653, 887, 15068, 6895, 2951977, 12, 574, 1, 24, 14300, 406146, 3, 2012, 0
dere, Anc2, 8, 26480039, 20909981, 1114411, 551391, 561811, 20556486, 79558, 375551, 87228, 470353, 9599, 3181219, 3279, 112800, 0, 0, 18724, 1591323, 17, 4219, 0
dmel, Anc1, 5, 24011544, 20774907, 666616, 326197, 340417, 21718174, 67413, 257919, 34857, 215730, 3916, 902150, 1607, 59076, 3, 2923, 10749, 1987527, 356, 354169, 0
dsim, Anc1, 5, 20694855, 20774907, 613693, 282115, 308125, 19215442, 46838, 189919, 48531, 424518, 3640, 525673, 1590, 85183, 6, 11018, 6203, 361248, 36, 20217, 0
dyak, Anc2, 8, 22210002, 20909981, 1047624, 509629, 536512, 19199273, 99899, 460629, 71595, 612724, 8047, 1179863, 2416, 87805, 0, 0, 9099, 566287, 17, 4673, 0
Total, ,35, 135081328, 114072290, 4467729, 2148803, 2292241, 111010869, 416911, 1844651, 244795, 1771484, 35624, 12206339, 8914, 345945, 12, 16830, 71467, 5254153, 433, 393837, 0
Average, ,5.83333, 22513554, 19012048, 744621, 358133, 382040, 18501811, 69485, 307441, 40799, 295247, 5937, 2034389, 1485, 57657, 2, 2805, 11911, 875692, 72, 65639, 0

