1746366 2
1904985 3
684230 1
355214 5
783105 2
1875718 2
783108 6
1409400 50
1302370 2
1709576 1
2025231 7
310389 1
2029001 6
867739 12
1713340 2
1946185 12
1384267 9
1365802 1
2015643 4
1893409 1
1650108 1
1090670 6
1469648 4
1168340 1
721641 3
483505 99
1021298 29
1168346 1
721647 44
213570 2
1252066 2
1931900 3
1622166 16
431775 1
243526 1
590059 7
1996814 4
838208 20
999131 1
292429 1
1285037 1
260527 25
139343 4
2048354 1
617424 6
678346 9
1059006 14
1904989 2
1562375 25
266042 35
1158920 5
249666 30
333033 26
1273110 7
921543 4
401486 3
1198454 8
450657 4
1591489 4
1922819 2
1347651 12
1841622 5
1339774 1
77763 9
443969 215
1937383 2
1340157 2
865622 1
615640 4
629394 6
150550 1
1518507 3
1413531 1
855422 4
1923038 11
1317579 2
1994773 2
1102267 3
1922783 15
1588775 107
350676 4
1198187 2
821827 1
1032803 1
1032801 1
1975411 1
1729293 8
1405641 4
1583707 2
995958 1
703001 44
431498 10
1403351 21
784109 2
1583633 4
476786 2
1585799 1197
420938 8
1991143 20
376170 1
1937888 3
1737100 350
1331553 1
1383562 23
1331555 14
333106 8
1188365 1
326578 2
1990789 4
1632257 2
1343200 28
1927263 10
744368 1
1728859 2
603351 115
1923964 31
1781617 2
1461204 1
1753650 2
139482 7
1102194 4
96791 1
785181 2
1367952 2
1342679 4
1411375 3
427589 20
1056826 8
1556176 12
1922560 2
1904958 2
2034723 1
567769 1
783918 1
150603 2
1338431 2
1089360 5
1760929 4
1990674 3
1608423 28
1974325 6
555164 3
1428800 2
600932 7
1827173 1
772639 5
714403 133
1711190 15
1046574 1
463006 4
678244 4
1782563 8
854483 12
1760395 285
1235565 4
1702969 1
1526254 3
773237 6
920051 7
1548219 4
1904693 1
1833896 13
677714 1
1116825 11
1340390 1
601183 1
677718 5
518641 1
1739375 2
1548215 2
1271199 8
83871 1
1417344 5
83873 3
1897470 2
298488 3
864477 33
1924608 1
1005917 22
1825461 7
1883489 3
1299261 1
906055 63
1886453 730
1094810 7
1201984 2
1883170 26
984418 7
1992287 2
120943 2
1625008 1
766588 6
481698 2
1925192 8
1628088 4
768981 21
1883167 1
265164 4
265131 1
1488347 1
1779383 3
534059 1
996601 6
601694 1
2010353 22
483185 5
760690 1
838200 5
123367 7
1742548 1
2060237 8
1184871 1
619390 5
1227381 6
1992316 3
1650818 8
1552344 3
1728789 2
1065438 247
615805 5
490910 1
347379 2
490919 6
1331016 11
83900 4
1101361 1
1856983 3
1029235 16
629769 1
360870 16
1067413 10
1205571 7
1397489 63
1023739 25
1910350 1
83294 5
1742066 126
1905427 32
433080 20
831786 7
481830 2
1611703 33
1981053 18
1026012 9
2047201 1
316096 66
80803 1
1381620 3
1233620 12
1381626 1
1583777 2
919570 8
1367400 3
921869 1
1617980 2
1908706 1
343003 1
1724573 3
1576344 6
1063718 15
705547 3
1273349 1
1825669 182
752555 5
1428012 6
218555 6
1544992 3
1693757 2
585512 1
1223378 18
399395 17
1403416 20
1795102 3
1181892 14
83127 2
1516178 6
376638 1
1939478 1
938593 2
2015814 8
31123 157
1740382 1
226876 1
1743678 2
303234 6
1546066 4
1420541 4
1883159 1
1380113 1
705407 101
700923 1
1928846 3
746327 37
353453 8
1609854 11
97930 1
519515 1
1283372 16
1112939 8
1500041 167
836174 6
1731750 1
1114360 1
1063666 4
1257879 7
905890 8
1908265 18
83729 3
1971140 1
1318299 1
783173 2
1123675 3
1010232 15
258837 5
1031639 1
1284669 4
1873205 1
1461031 3
1288495 1
1085697 5
843094 43
769017 2
1488470 12
474894 1
1321955 7
524347 2
1461010 1
1963704 8
1107120 21
1903509 1
1616820 6
1693837 1
1489136 261
1007044 1
1200057 1
1922809 7
1349548 1
858831 2
1648134 2
435760 4
777724 4
361839 19
1192175 8
234775 4
1369260 1
1743844 1
266704 8
314381 6
1347794 3
1723762 3
715694 5
835555 2
1124737 2
776456 5
835551 2
1554736 4
1709434 1
1871194 7
468593 1
1011745 5
957053 2
1080911 25
1112355 2
1284714 5
630860 10
1931021 2
921713 1
921715 6
1316139 16
2000526 14
647417 77
1170530 3
1068930 1
1340206 7
1830681 3
1522231 1
1523004 3
435491 2
218973 1
532959 7
921398 3
975233 1
1358266 2
785719 6
1047034 1
194861 8
1094821 1
1347714 2
1033850 3
1616367 2
292419 3
617342 25
1896450 1
1993720 21
921376 3
350776 7
1320836 1
392365 18
261919 1
1285532 38
1545581 3
716255 10
449544 1
1383589 16
1330872 8
1781516 11
1482166 12
422814 6
555555 2
1591494 7
846117 28
1370235 5
1763744 1
1611620 55
760907 1
617504 178
752377 2
615657 5
1018778 1
908111 13
1856542 344
1367732 181
629811 4
1100967 7
1272235 7
98457 8
120552 9
1077355 2
766571 5
1726594 5
1842341 5
1191040 3
1591630 5
1427416 1
376167 1
350610 1
117539 8
1991136 2
1383728 2
1183291 2
1005458 6
1192134 1
1334068 2
1005804 42
1790851 2
460299 17
326583 5
1896586 12
1526396 1
1004472 2
994543 3
1554041 3
1348051 9
942768 4
1392697 10
93354 2
1605340 5
1978679 4
1301104 1
1909550 3
1392342 13
1994720 3
1598973 91
1158655 9
2046478 1
1900585 3
1998576 2
1753685 1
1551162 11
943696 4
1994834 5
1013663 1
1671590 120
1384960 1
1058294 3
1650798 9
1014661 8
1931893 1
944422 1
754039 1
1562451 13
1649958 1
1895067 12
1739385 6
744573 20
1740247 1
1419872 8
1650008 7
627092 1
1719602 1
837811 5
1702994 5
235603 2
1871335 12
1559610 19
343276 5
1091005 2
1939528 10
1620786 6
906048 3
2028362 2
616910 1
1202501 3
490721 39
1005908 4
821583 17
613436 5
1574451 1
1251725 235
1713514 3
863987 1
1886440 3
315641 152
1560839 6
1731774 129
1654786 2
1653797 127
1896130 1
1205552 3
1500293 2
1318937 5
613230 1
249869 153
1559723 11
434958 1
1411099 1
846292 13
1062549 2
1386229 3
1351030 1
519405 1
1656112 27
243578 3
1431413 24
1855195 17
1319052 4
2045380 7
1622942 5
1259924 4
1562120 1
1368916 1
1099727 50
1092622 1
1236970 13
1556236 5
1990534 3
1925561 40
1712964 3
2013544 7
719021 1
1731984 1
1364354 9
2046677 4
132939 9
1273370 7
1841170 2
1709050 16
83264 1
1463388 1
1699950 12
1548992 2
716868 10
1610777 1
1605372 5
1548133 1
1384844 3
1106999 1
1205565 1
1745877 2
774359 1
1656430 1
2048442 4
1296069 13
726639 2
1009906 1
1990113 1
232743 10
1608652 1
1426665 2
842636 1
525180 5
1431563 4
838943 1
1625011 1
1562053 17
1017961 1
79388 27
1711389 20
1361652 8
2031042 1
867714 11
1552685 5
1366120 4
1551975 4
1721957 1
739028 3
1883536 404
919740 51
1405164 1
601331 1
1686379 1
1370918 32
1762518 3
1655990 17
1960541 2
1910364 1
414667 1
1743140 11
1119802 100
1481009 1
1182988 8
1353753 34
1023989 3
1292180 3
821092 1
1936650 2
303205 4
1875880 1
1523041 1
920168 1
2028365 1
2028277 1
1751375 2
1484814 26
1778207 2
2040179 1
1498129 3
1095125 1
1017268 5
1366058 1
1907507 1
1732474 19
822903 6
847763 3
1029371 2
1628658 444
662795 2
142585 34
749699 1
1545176 1
361289 1
1369250 8
835915 9
774005 1
771526 5
1355161 1
1118596 1
1740199 1
228698 3
1990420 1
434719 3
584307 8
1897467 1
1745651 32
1649704 1
1056487 6
446098 4
532909 2
292548 3
2046454 3
1056482 3
1100135 3
97855 9
995067 1
438256 2
338830 11
647311 3
150972 49
1332092 3
1527278 14
1489123 10
1485342 1
1654640 2
332414 2
1188850 3
2028738 1
550859 1
266841 1
1900735 1
266843 2
1845047 6
25954 1
1699982 15
1690298 4
782475 1
503665 1
1407056 2
503886 7
715680 10
286924 1
1765677 2
759057 184
1203636 241
855080 6
1011757 3
1555657 10
2027050 1
1425358 1
1126581 1
435534 2
561663 84
1025869 1
96313 19
120639 3
93234 14
1332162 10
1340214 4
1127190 743
1739957 1
1924716 2
606650 3
1630801 5
1622148 16
1907458 8
1727325 8
1755570 1
1842710 4
1553640 8
777029 4
1500507 1
1348591 6
1575894 11
760976 4
463939 1
1422018 27
96532 2
348280 11
617402 6
1523953 1
96537 43
468037 2
1122131 17
392359 4
1960866 1
1998330 149
1928425 9
1974292 25
1404110 3
1633952 3
684544 10
555569 7
1239653 4
1210536 2
1755686 4
1210533 1
1239658 5
287520 1
95101 4
555565 3
77588 2
842592 31
1996909 1
1578413 9
373781 1
1109456 1
1841486 1
1544274 3
551097 3
292240 1
292243 8
943687 6
1768770 11
1604181 6
995976 1
836026 7
120568 2
1938981 350
1937088 1
1422907 3
1459612 3
1191053 1
1272086 1
1126283 22
1526381 2
1632278 2
1938954 5
1234054 6
1589492 3
1364423 1
1904039 9
1338395 18
1003895 1
1419084 1
1419086 1
1364428 7
292407 1
292405 1
98061 3
1004465 1
1875892 12
1603208 2
533461 2
1187031 12
93340 6
93347 3
292409 6
779374 64
1301444 2
1726470 21
766127 1
745181 15
97660 5
376332 1
1925628 20
1008828 2
1765376 32
1294032 7
1014472 6
1548700 16
1173970 286
1589269 17
1421928 29
905130 1
1291861 222
1850537 2
1301658 3
1980461 2
1849482 75
431522 4
1544242 2
1257366 1
1901924 7
846357 2
1032826 2
1574461 23
1032395 10
1425000 1
780289 10
1923917 8
1829254 1
311806 3
270045 3
1421154 2
265597 14
1908545 14
906035 1
1650948 6
1982717 1
906039 5
1575548 6
1077780 2
1368218 7
1288286 2
769636 1
1992796 1
1908387 1
1379377 2
2013710 17
1002215 4
1842721 2
1101206 90
265114 2
1101200 1
1829275 2
1422749 1
1243564 1
1099483 8
260253 6
1056858 2
1990621 4
1406138 18
1158644 10
768965 3
1380179 1
278462 2
1933418 3
2013570 2
278283 1
1555756 6
1467067 10
779271 1
1065102 120
1240869 1
265373 3
1713164 1
463233 16
1196294 1
1522958 4
1525679 8
1882953 3
2000946 4
906141 18
1349000 3
1881882 1
1396544 5
1021579 1
1121348 4
427548 2
1742270 2
2015555 1
1609874 3
1048762 5
864589 1
1386348 270
1691179 11
726976 3
1627600 447
481787 1
775690 13
1559745 19
1433229 1
1341080 4
1639070 6
1292440 4
761486 4
433068 3
1988888 11
1022068 6
604791 2
678887 1
263686 3
629732 1
1849780 283
781267 25
868783 446
1118290 16
605822 1
94567 8
1833626 5
1756825 3
1603281 3
630668 18
1827169 2
1024841 181
585490 1
864634 44
1908760 6
1380270 2
1525703 2
771665 2
1424511 1
768544 3
1362594 4
360889 6
1621997 6
534079 1
1021480 1
1581934 10
1939458 1
237870 3
1554865 2
442383 6
1011500 1
502926 585
331681 13
1397806 1
291371 59
1390307 6
769386 3
1609872 1
1390300 2
1499190 18
1353749 2
1259714 1
1745003 27
2025943 2
765816 23
1593008 39
2055640 11
483144 9
1649637 1
1724359 5
1499420 1
837226 2
780455 18
1910158 1
1871323 3
1029363 3
1709898 1
1188906 134
746636 19
591114 30
1462975 7
1242778 1
1114382 4
1709895 2
352935 1
1347806 3
1358199 7
1198518 1
1369243 3
1112934 2
434723 2
1711483 2
262339 6
836955 15
1905524 3
455968 5
2000155 12
430265 15
765259 1
1348321 12
1897479 7
1021785 41
1743703 1
648687 1
234757 3
1924024 5
1169959 8
1226642 3
1851543 8
1367635 10
44918 75
1274025 15
1543720 278
1482220 87
1753687 11
1380480 2
267675 6
1791727 1
2026035 3
1963724 16
782463 1
524663 2
1198600 4
1726198 66
2059469 9
289487 3
1979030 2
1011761 2
251069 216
556049 3
1365341 3
1975937 2
354794 8
1016354 24
1080937 9
1545615 6
1077345 1
1525782 3
1260241 3
1025879 34
1497972 1
2001488 6
327405 2
726578 1
449489 1
1018805 9
1709100 82
2040371 2
1034127 7
1157984 2
449710 1
503701 14
1426438 1
777054 2
1248094 8
1349637 3
1100017 1
777058 17
590083 2
460456 4
1349631 4
1602760 3
1021972 24
1242800 27
2007093 1
73296 6
1287267 2
1124668 4
613390 1
2003161 10
1648173 2
449139 8
1273380 1
765006 11
1209132 31
973084 3
1371347 1
1320816 3
350793 5
1000025 11
1874582 1
1755693 10
1694108 1
1894892 10
1292427 1
1709218 1
721524 1
323226 9
1168484 4
1554673 1
1741801 1
1758633 1
703359 16
1342984 69
760387 1
1019371 12
1103475 4
1841329 4
1963720 1
1382492 14
1295137 13
1190994 2
455989 7
1578403 1
551084 1
98439 17
1634837 3
96610 31
904896 1
1302018 6
376140 5
1004033 4
1195547 9
1909398 19
1415241 2
1856288 39
547990 6
753339 4
1285176 3
662978 6
999073 3
999070 1
1908610 2
1608610 7
598428 9
616656 5
679859 1
1529173 2
715650 1
1238683 1
359576 9
1037390 1
1575974 1
1123860 4
1975181 9
2025939 3
300598 1
1217199 33
1001139 1
1944020 12
1022235 1
1824028 4
1501187 52
1200860 4
448283 12
376323 1
1001314 2
98546 2
1008815 6
270381 24
1116346 11
1227793 6
1904531 2
752396 104
2030945 1
2032809 1
1719846 940
905128 1
1942410 61
423657 8
1368193 1
123406 4
716666 10
1589210 5
716660 5
847104 28
1023529 5
1287262 3
1794114 5
773201 4
852874 1
915291 1
1347477 1
1941153 10
1163040 5
1173620 306
261265 5
1124406 1
1656562 6
1715796 1
603945 1
1058967 1
533526 14
1252028 13
1330466 53
141665 532
1317881 4
1079006 1
1959190 5
1002204 6
1882319 26
483206 137
459506 1
909356 7
481552 1
1908572 3
1209236 2
1417342 1
844640 3
1213298 994
775753 42
1361460 2
775751 1
2046757 1
83846 2
780259 1
1551589 76
626613 433
518782 13
601041 1
2016085 2
828643 803
1035940 1
1414598 11
1978614 1
627213 4
1173935 1
1183106 72
1902144 5
1384233 22
1625193 2
940296 13
1159581 6
615837 4
1398523 22
2013565 4
1993162 1
1296098 16
1519017 2
265301 1
1028772 2
1017744 10
1578398 1
1993165 20
121026 3
1003248 26
1897534 6
1466896 4
125070 9
1617815 16
99141 6
29351 1
412047 6
701076 1
554751 23
1078994 7
1182670 4
1242507 1
1234117 9
1883035 1
1404033 8
1588883 4
676587 7
2013557 2
1926704 4
1553272 7
376454 1
1353361 2
1959460 12
1583898 81
627451 218
1904302 11
914053 1079
1723448 1
1692084 3
2033560 2
1158180 3
1019690 4
1938813 90
1363166 2
1758618 10
663007 1
1029554 4
1294909 1
1961221 3
1630280 261
837437 1
605815 1
265780 7
918243 7
1608734 77
1892452 2
677508 1
1960508 2
1924270 12
781073 1
1894949 73
1553270 1
1686502 85
1894944 4
1833849 2
219052 3
1434562 30
1845188 9
779263 5
1740802 1
1897505 4
1593977 2
529728 4
863879 1
678984 1
1390171 1
1123468 1
600373 7
1962194 10
1935316 2
1648168 4
1561148 2
565753 2
1003335 9
463681 36
234695 9
779515 1
845935 5
1694924 2
1995912 3
1701192 83
1464256 2
1124387 5
526619 24
1547879 22
1724343 1
783018 22
526617 1
677470 6
604787 1
769736 1
1123755 4
1902178 2
644690 10
1016340 1
847747 9
847740 4
1257805 3
746623 3
1101825 1
1622124 8
607523 2
433103 13
703182 1
1019178 1
1632706 1
1616213 38
447076 67
1359832 13
123067 1
294854 12
1380014 1
1974379 1
1351352 1
1000235 8
1826986 1
1460020 1
758607 399
1549872 2
25972 1
678855 4
262810 5
300601 280
251309 3
575649 1
675939 1
676223 1
1023633 1
1095585 2
554801 7
1605479 4
858808 1
1941417 2
1468451 4
338793 34
1479301 1
444505 7
1616031 118
1022834 1
1790703 96
684706 1
353481 1
1591170 1
842628 1
1830527 6
1990524 3
1870764 6
845906 1
1464645 206
1541547 5
2040568 21
1994636 8
913043 8
1488531 493
354789 1
1763158 4
1112153 1
1080947 1
782700 1
119162 18
1126239 13
1461194 3
625212 3
1210734 1
1369583 1
1190856 2
1781274 1
1359634 1
1751444 1
1975138 22
1047263 26
1743968 11
777047 1
630541 4
1743965 2
1404932 11
1897276 13
866777 12
1338457 6
82841 1
1090612 12
1225563 1
2048603 6
760952 2
555502 7
1330733 57
1340119 4
341913 7
866790 2
1622186 10
1580900 1
1593891 19
262074 1
1521801 1
98602 1
361578 5
1369294 23
292263 6
855428 8
1433450 1
1902154 1
839596 12
351271 1
1008020 1
1292433 3
1034960 4
1056680 3
1116256 2
1939733 28
1640086 3
921292 1
286905 17
1395544 1
1845673 3
1019384 14
1903367 1
2004681 5
1095148 1
1099516 4
1870785 5
2055652 9
1090725 1
1348481 2
1936496 12
1381586 1
120504 23
429909 3
1497965 5
1349391 4
1331510 5
1790826 4
631708 1
341703 52
1168154 3
1403311 3
377406 1
1632290 11
117565 2
1243221 1
567268 66
1923926 30
1499911 14
533446 1
1185475 1
445866 3
1284963 53
1825220 1
1200303 1
777050 2
715641 7
1390212 78
1963745 1
1611747 1
1625727 16
475483 6
332896 11
603311 10
908525 6
436960 2
1693698 4
1001124 1
1004156 1
780624 29
298112 3
349069 3
1872419 71
1875856 1
1291848 3
1549223 4
1415185 1
1001493 1
353957 5
703754 36
1271557 3
1581136 1
1709203 1
1237578 2
1654195 2
600531 1
1517661 4
2032609 6
1188259 14
1875914 1
2019404 5
1902447 5
1343371 2
1210261 5
1301045 1
1185057 1
1301048 11
293028 4
1624867 4
1001018 10
1928480 7
1904164 1
1937411 1
265575 2
1057758 3
821623 6
745254 4
1005779 24
1826304 5
1089897 3
422683 2
1552699 13
963675 4
303771 6
1702415 5
95420 9
2033953 2
839281 1
1856502 8
1124305 2
523800 4
1163140 1
1124300 3
84017 20
249782 1
1765023 3
1740879 8
1124308 2
463177 1
679138 1
1066554 169
345119 213
759900 21
289361 1
1856412 15
1559776 2
98680 4
138794 4
1910359 2
911902 45
270886 4
1330226 7
1686384 5
1293203 1
1742586 1
1010909 13
2034786 3
349287 3
1765012 2
1990437 23
1896579 5
1902488 2
1186983 5
1294272 7
338979 1
1381668 1
716852 10
768490 4
1745804 3
852920 2
491103 3
1379790 2
1013143 3
1293979 28
2027053 2
1233672 4
846794 14
1044981 96
1618874 6
1330839 11
1011940 1
45330 189
315563 51
1089943 8
1709633 19
1740769 4
1117163 12
1112401 3
1499538 3
1552896 1
1361662 6
1739444 2
844705 5
2025020 1
447246 36
76686 2
1381374 9
1534009 2
823282 1
610153 1
1343414 1
1209037 8
1641937 1
1007150 2
1272811 23
1319151 11
1259881 2
29721 3
781041 11
343282 3
1386301 4
339036 26
2002851 2
269073 3
1419076 1
1560879 3
1994952 4
1423255 4
676046 7
314569 1
2024308 1
1205448 2
347994 8
1892468 915
1897499 2
1745935 5
1371966 103
226182 9
1500575 216
678991 1
1464247 1
434120 1
825417 2
1467134 1
1553760 68
1208400 3
1561158 9
1196838 3
1420053 5
1995570 39
1560934 11
2015527 2
1460586 1
779032 1
1410486 4
785570 3
521094 2
1960671 4
1409796 6
1028945 15
1902166 2
1640532 4
1331981 17
1019602 4
905854 14
1484863 33
1928804 3
938596 1
1499281 1
1541606 1
284429 297
775253 11
1932875 1
1693730 5
1584032 2
1204984 12
1461050 13
825444 45
89853 17
1107168 5
1584259 1493
1349187 1
1340809 12
589939 3
1895096 9
1031893 4
447062 3
341875 8
1578649 3
721779 2
1561792 3
761446 1
1884075 20
1417319 1
1192136 4
1425622 1
1181695 6
213342 3
1095208 1
2036704 4
1758125 9
1055539 6
721178 1
1850222 67
83165 1
1348923 5
347061 3
1268595 3
1740013 18
1642877 3
1996911 534
239013 1
234024 2
843236 12
1394796 9
1403906 2
1094978 2
782481 1
838189 4
1397417 31
1026253 15
1595070 4
1603507 4
1909776 1
1781461 14
360769 2
521270 1
1353547 48
625205 3
609944 5
1247781 4
1928106 2
442342 1
1018827 5
1517717 1
1318423 16
992160 3
1418824 3
2016469 1
1883150 6
398401 15
869490 88
2001779 6
975275 1
1230583 6
431751 7
1428053 2
1001843 3
551466 1
999478 1
1035669 3
1403943 2
1227971 12
1943922 2
555511 11
1248055 3
1390325 6
1798639 8
1622199 34
1273411 2
1622197 1
1238755 4
921623 1
1737902 13
1758716 7
1126260 19
1348479 1
1701410 1
1102416 9
703377 2
1277562 14
1974129 9
1292445 6
1284681 2
684287 1
1358318 52
776416 5
785628 1
92776 2
1417354 7
354337 2
1651803 4
1263439 21
1632285 2
1185861 251
292858 1
1462996 7
373756 8
1717384 1
1762549 446
90853 5
1285402 5
90850 1
1797916 4
1078401 1
1902030 1
912657 68
301699 6
331944 2
278220 2
912653 1
846067 1
1974340 2
1085272 1
1580945 151
1285081 8
617474 2
1242873 1
1830427 2
1102302 1
1539582 9
1102125 1
1589540 1
1524744 2
293495 6
1423738 4
270362 2
1288499 3
293491 1
1349678 2
1240996 2
1046588 11
1635919 2
865205 1
353966 14
332841 34
1998533 16
1583734 10
724848 3
1370414 12
1946915 1
715743 3
1937790 1
1959439 20
1334112 1
852817 22
1022896 10
1001062 4
831394 1
831392 1
436553 1
839364 3
2055664 145
535689 4
839368 1
1183276 6
1605029 1
744353 11
1925701 10
1575037 1
705116 1
27924 296
1005762 1
1719802 1
2000343 1
1978703 100
1117280 10
1005768 6
1960805 2
362041 2
1895379 9
780270 13
1977775 1
550158 36
1360095 1
1398648 6
1301091 8
95439 4
1895243 2
1353862 6
1616307 1
95430 8
423749 32
278432 12
1098223 120
1419275 6
915149 108
1622139 5
586271 4
820411 3
1015258 1
1162971 5
1033742 3
865441 6
586278 10
1904173 7
348674 3
119584 1
1353897 2
349271 13
753344 4
1787332 1
1028719 12
1522963 8
1994961 55
1910245 5
1183659 4
1425618 3
1776845 7
1692138 18
1353825 3
1883201 14
1024252 4
1593798 12
547741 3
1980897 3
1053372 16
1173400 3
1423395 5
94633 2
649122 1
1116294 23
1485216 4
1561945 1
1528510 5
610024 6
1422428 1
864551 1
1726284 1
1577944 53
679016 2
1557876 2
278546 3
1740992 7
345039 7
2032012 19
1937643 1
1746059 16
1295995 13
1924720 3
1117622 1
1928377 1
1234481 1
1382565 12
2021106 3
1959885 13
721185 158
1928597 4
1003681 3
1548973 7
421480 22
781299 3
1695230 9
1610797 10
1404869 11
1397590 9
781296 1
1641920 1
1028399 115
781354 1
1872556 1
785022 1
1233607 1
1910325 2
1894921 12
781054 17
399452 10
1062691 11
99765 7
1330910 6
846476 2
1897489 1
601371 4
1961113 2
769539 6
1371954 3
845784 1
1405651 3
769668 3
467893 1
1961846 4
1016095 2
769662 2
555688 1
1930144 3
330017 22
1420043 5
1022387 22
1036985 3
1463242 22
685188 1
1557055 1
1556042 4
1410495 5
875878 10
2030419 5
1410493 1
2055627 6
2026265 8
920328 2
1293267 7
1223796 2
1187109 22
591145 6
643629 2
906754 1
1605847 1
1908646 2
1523219 6
2050855 5
1379803 1
1010849 5
723313 3
1388961 63
1654673 2
1731923 2
1031689 6
430232 9
1000252 3
825430 1
825437 4
270868 13
843821 7
296781 43
1434485 34
769069 6
2040441 2
95241 1
676206 5
1540361 26
1895084 10
769263 30
1481191 12
1169722 4
434596 1
341843 12
1939553 12
1295970 16
280886 1
1760798 2
1553196 7
1203515 2
1341075 3
266809 2
374514 8
1575940 4
1524498 6
306274 3
481885 2
1924056 8
631942 198
1642868 7
1188860 8
600352 1
868731 4
771362 14
461208 2
1461668 2
1909048 3
1575760 8
2024091 15
1237435 8
1110245 71
1555693 3
1617763 1
1904839 3
1591515 1
976242 7
1591517 4
1160195 8
1587033 3
360773 1
1461409 9
1997540 3
1126306 11
1021337 29
855574 3
1288318 16
1057035 1
292277 3
2035086 9
852615 1
1755538 1
291437 1
450270 2
1577879 1
1656588 1
1561211 5
675868 1
2046328 1
1109462 5
339575 3
644253 1
138778 1
1234194 120
431963 1
259007 10
999468 6
2034809 10
440669 1
2048625 3
999991 5
326622 2
331826 1
843316 3
1116522 5
450639 9
446121 1
555523 24
1359140 4
1935405 3
1630980 25
529876 4
1995623 1
603552 26
119611 22
1935423 1
1359149 4
1170294 1
1500447 1
354329 4
2002842 4
599367 49
145732 192
767857 2
2048757 15
1090365 8
776932 20
1170102 58
1366433 2
613292 1
429924 2
1711223 1
1339892 1
349073 5
94354 2
1114349 7
1923780 2
617048 13
300388 6
852715 1
1430484 2
777333 1
1273069 6
361421 3
1004310 1
1649978 10
618939 3
1364462 5
1961663 3
1632034 6
1743326 1
1375228 31
1576289 1
1527036 2
908509 1
1975087 3
1554094 9
1226413 9
463977 171
1928717 7
292337 15
96067 130
292447 1
1894594 180
1085280 83
1937811 19
1711225 1
325259 12
1026038 12
744415 1
1032754 1
1429486 1
614937 11
1624051 2
1272628 1
349046 20
270372 1
754082 1
1429640 9
760824 37
2048805 11
2028567 6
905668 31
1765315 3
92723 11
1001477 2
1544283 1
861002 1
150468 2
1086069 1
715755 1
80792 2
1827164 2
1897177 6
336350 1130
1012490 4
1001072 1
615405 3
1001076 12
323166 1
1364648 1
293001 2
2040656 53
1058201 1
821648 12
1301536 3
1630967 2
532882 1
1594367 32
459393 9
678553 28
619463 1
2016503 2
1367285 22
1422704 3
766075 44
1927976 2
1057462 2
1053162 4
1589312 15
1829398 8
1702476 4
1926114 97
904845 5
1419266 7
1022971 4
745382 6
346733 1
1006953 2
1330212 3
1028541 5
1173476 5
1294073 3
1056849 8
1908299 1
1317296 3
1056844 1
1882595 1
81022 1
1158605 1
976413 1
1856348 19
1871259 1
1908128 5
80990 1
1552905 3
1423479 2
1524777 1
1364383 4
1256773 5
770964 38
1907710 1
1101304 1
1368542 1
1294214 1
551849 4
1411061 4
297879 1
864018 1
1013362 1
524395 3
94625 2
1883066 76
644413 1
679570 1
343741 29
481506 1
473176 111
414181 3
1787349 7
2027635 3
1959412 1
1842140 168
1959414 1
1960957 1
1605039 7
534124 23
1203200 8
1924288 1
1608522 15
1117636 1
360215 2
1091259 7
1182130 12
1648138 1
599915 1
463300 1
1894910 7
1003698 4
1713675 1
1300119 7
1695228 1
1008647 2
761604 1
823260 5
761606 27
301708 2
1205465 1
1841584 2
1650888 7
780510 5
1371940 9
360965 1
1110232 1
2000502 18
1024803 7
1367269 12
1372364 2
1017730 2
1510929 5
1855120 2
724687 1
1044831 7
1252088 33
779234 11
724689 5
663340 1
1963714 1
753220 5
1007863 1
447462 266
1007865 5
300947 6
1593341 196
1022158 2
1063930 4
1238710 1
769672 15
1063935 3
1009840 5
2054777 6
1552589 6
1497947 4
454924 3
565720 2
994267 1
1943941 3
1933316 4
1622251 5
591153 76
347647 3
1481988 3
610228 36
746674 3
837061 4
1717054 1
332593 2
1625148 2
1709850 1
1331095 28
1223413 337
704020 9
1268605 5
1978018 514
1268600 1
415038 4
2031044 1
430220 10
1188419 4
532970 2
1420676 5
1830869 1
867419 27
746813 6
350336 1
771778 2
1117968 8
630080 4
1367673 1
1168608 3
1553432 15
1021910 1
1271586 1
648884 1
1031871 2
1924267 1
1768357 5
1924264 1
1633994 1
920020 24
630157 1
1989965 8
1319358 1
1405572 1
561554 38
1902114 5
447191 24
1744748 3
1636904 4
1034116 1
1468464 1
1112885 16
1239664 1
1080971 8
1045839 1
977091 2
1273271 4
774694 4
715436 1
1060174 2
1721743 2
267365 4
1190864 3
327447 7
1018847 1
533037 1
996528 12
1366251 4
1301116 1
1233940 11
1007468 3
1537423 1
280944 2
678957 3
1085675 4
1354493 17
1745698 10
1373776 1
1034950 1
119115 9
625775 15
442326 5
1065254 1
1648539 2
975091 3
1798615 1
1181782 1
1064093 12
675874 1
89879 10
921642 5
1160073 28
1961953 1
1356463 2
1549007 1
338236 1
1553420 9
852650 1
1183998 7
1198738 5
1248071 2
1486373 6
1928383 1
1302030 6
1384341 20
706201 2
1239605 2
1205869 3
1743205 1
1037227 62
1575337 3
1319138 1
1578443 73
1102439 4
1064893 1
213381 2
1694785 3
2024131 2
1126207 29
1640294 4
1974357 2
1194616 1
783198 3
1686447 34
262195 1
1934500 2
266148 9
776927 2
1353456 9
1033906 5
1404819 8
1283395 3
2045791 1
551533 2
460166 4
1903903 3
1272051 3
1103342 2
1765259 4
1608656 2
1693795 6
616690 7
1158294 5
1273051 1
524402 31
300399 1
1575244 6
139417 1
460762 6
1045128 5
1856271 3
2028320 1
1209008 1
1797223 3
97010 8
350063 1
98765 2
123246 8
1196285 1
1299183 1
1643518 48
1167868 5
842963 5
292309 18
150498 15
1937874 7
1928704 9
489512 6
1841216 5
1414847 7
2007297 16
2036084 1
1185491 3
766404 1
2036017 4
424640 811
879371 1
97631 21
1160021 1
1291810 3
744401 2
1417335 5
1551692 157
1939372 1
865229 1
2061281 1
1790907 1
1555345 16
771805 3
1848155 9
780077 5
1261887 1
1797989 7
1429652 2
1126675 1
780981 1
912520 1
1224034 2
1908934 9
937347 4
1201114 1
613334 1
524570 1
1354106 7
1753711 2
1728916 19
1302055 2
293013 2
97704 2
1924563 1
1005582 1
1003975 1
1053918 1
459381 10
95417 1
1004613 1
1980915 5
2026964 4
1792714 6
98218 6
2046791 61
1432413 20
1608831 275
1109490 10
1729202 19
683162 11
99364 8
604850 1
1594683 3
704522 1
1589496 1
773880 37
348988 1
520273 1
476715 1
618873 8
1205056 361
1883031 1
302497 12
261356 8
1365821 6
999960 6
1024011 1
1414717 4
1765162 48
1078600 5
1936376 1
81053 1
703095 12
1908807 1
1589159 13
1621720 5
1387065 1
1988920 5
1552173 2
1398598 4
761722 2
1183630 1
1366257 3
2010451 110
1856334 3
836256 2
83979 6
1396510 25
343349 3
780323 6
1205580 6
835816 5
717914 15
976316 4
98986 1
343340 5
1797802 7
1032568 30
1781963 1
1433708 1
1432309 3
1466551 4
2002917 8
336114 1
1905069 3
1088881 3
1875626 80
1779420 58
1905061 4
1605512 12
1523644 14
1924854 1
568425 1
1340529 12
1183521 4
1557855 1
1561232 1
45014 2
1996630 1
27873 1
1737525 74
321261 11
278348 11
265453 1
1382581 1
1924295 41
1257751 3
644723 1
94736 3
1992251 4
99747 17
1551917 12
703387 12
1295124 7
1234024 15
347474 1
780524 1
233140 1
1372370 2
44499 396
1729527 33
1739271 3
1500216 5
1237949 11
1158834 2
1924856 15
1350153 3
249599 16
703432 1
1262666 23
1830659 4
1760751 5
1593332 4
84406 2
1319296 3
1116778 3
778571 96
1112979 1
1834975 2
1045149 76
533964 7
1029194 1
1047405 28
614226 1
1747185 6
534011 6
768202 14
1723549 17
1296116 5
471726 10
1102770 52
1190635 24
855585 3
1610240 1
1412304 1
1353840 1
1744363 1
445541 1
435935 4
1743462 2
1432122 7
238028 7
1063320 4
1223932 34
1468096 8
1743163 3
1340385 2
648890 1
375919 20
433143 4
746802 8
1026868 1
1355429 38
1924071 11
565665 3
676267 7
95268 3
1098052 68
1526952 52
29660 1
1896013 4
2031235 1
1731761 4
1353049 1
1713705 2
1420108 1
1353046 2
1642849 14
483609 4
1055566 51
630162 14
1009987 1
1031461 5
1263533 1
1560905 1
1300025 3
1350220 3
1374943 1
1160887 2
1030480 10
361337 5
1160881 4
1347944 2
1709067 17
838177 9
1499740 13
1295902 1
245426 1
194897 98
822612 233
1740089 1
913001 2
843156 5
627819 34
1640194 9
615773 29
1107088 1
1332307 1
1405697 9
575777 13
1332303 3
678967 1
1622729 18
532565 1
555649 11
1768216 98
2054201 1
839856 1
1758088 1
1499109 13
1946211 6
1842698 2
1351372 1
431769 4
1103670 16
1081030 1
1099882 34
921304 2
459372 5
1931349 9
590038 20
1338414 14
1277510 8
1711343 4
1078546 2
1962115 4
533793 3
1465302 595
1265401 1
1037216 7
1089350 8
625891 5
119634 7
1922992 4
1467895 1
683823 3
292222 16
1035009 1
1026464 2
821881 2
2003190 5
854992 1
1823993 25
776919 7
1349718 3
2028768 1
1625101 3
1332019 26
783181 13
377840 2
1426624 1
1990688 78
1903912 3
1622750 6
2048265 3
631746 2
617024 7
1726660 12
2028461 3
1511518 920
27407 386
533487 1
715601 2
1995542 7
1998672 391
351539 371
1426738 5
1005897 1
457021 9
259758 5
1543672 7
1167851 9
1185308 5
1554758 5
782963 4
1374429 10
555498 1
532770 2
1035454 2
1231804 1
1640175 4
760917 1
1349867 35
1794140 58
1018675 5
677910 1
82801 3
1230602 82
1609608 40
82805 12
1902080 4
1908284 12
942661 2
1975289 2
1576677 4
2047309 2
1980323 8
780069 3
1413527 3
353911 2
1926353 1
972788 14
348863 15
1364705 1
1169826 2
1185017 11
1224025 1
141637 2
1320739 1
1692321 2
921874 2
937354 9
98179 4
1521685 1
1988941 6
1577679 1
1172964 1
456488 1
532684 1
1404809 8
462914 7
1691498 1
521594 2
1362202 24
1843060 1
875790 6
1273768 23
717850 9
1353918 4
1647749 1
1370522 1
737605 201
1923478 11
821887 5
1607831 1
1616561 3
1928725 7
1272151 2
719042 2
1411260 9
1740510 1
1391956 1
618861 10
1541729 1
613253 6
1242250 1
598615 5
1392285 23
348996 9
748375 28
1753657 5
1694222 2
349027 18
1539596 4
473376 6
1650985 1
1240811 1
1834293 48
1005423 2
1223764 28
1196413 3
1430444 3
1099790 1
1742300 1
1294983 33
1742306 3
483349 13
125003 1
483344 1
265196 23
1908490 5
1003741 5
1618203 15
354324 4
547718 5
1951480 1
700021 1
391514 1
2002476 1
1102078 11
1962070 1
1049054 1
1844863 2
568411 1
568413 7
616851 1
1937844 10
1744646 6
1100203 4
783971 4
1548760 2
1240925 1
568387 1
1591657 32
1261873 7
1340519 5
1365472 2
1559681 5
1466332 4
1743753 1
1381131 1
27862 4
1412536 1
1515594 1
1764252 1
321273 20
291135 5
1200434 6
1363133 18
1656151 8
1422732 1
264912 5
1833835 1
1405737 1
1833831 3
1849570 4
1742278 21
1932878 1
1173388 3
2000717 13
1578949 1
1534629 34
29278 1
1330728 1
335723 2
999949 1
29273 4
836406 175
1053721 5
1294235 3
1205483 11
1396670 43
1367240 1
1539602 16
753249 1
604881 1
679423 1
1387111 5
1182757 3
829529 5
1847229 1
1182200 15
2032230 3
703445 10
433319 3
1934438 1
1277684 3
1689834 4
715946 2
1928976 3
621508 1
1022170 55
1610859 31
1924083 55
1760965 2
1959924 7
1539718 2
1931833 5
1744890 6
619130 1
1539711 2
1884325 1
1187263 1
779762 9
550971 1
1271213 18
600523 2
2054831 12
1910445 2
1528550 2
1353447 2
746656 17
643943 13
2026906 4
1593818 1
1374103 7
363160 3
1959603 226
445554 10
1090329 6
2000651 1
1486773 3
1186216 134
1406536 3
863990 14
1424168 1
1537254 7
1353869 27
2000731 2
643722 5
1296095 2
1349019 2
1993024 113
1398046 4
1844517 1
1332228 4
1546178 3
1124094 4
643701 1
399089 100
29698 2
95078 4
1160872 1
475757 7
1408007 1
1060209 7
1941199 4
1293193 9
769655 3
1031454 1
243494 3
746723 1
1188856 2
1181814 1
339611 54
746900 8
867505 1
1412327 2
778189 5
1160892 3
699980 9
1369392 4
77208 1
490440 277
753416 11
228517 2
1011581 10
627801 2
1931904 22
1011423 14
1489857 1
780336 19
1671532 4
1350763 3
2040313 1
1624889 1
1118567 5
1367728 1
1526547 17
1648510 1
1092206 5
1126191 7
1469682 18
1349651 7
1097973 10
474727 3
1065230 9
644043 2
1709478 29
1101853 1
1928935 3
1632805 1
1722195 13
1798632 6
1428019 6
431939 2
1231019 154
1903735 1
1870889 1
834484 4
2031010 1
1295175 4
1654643 1
1638414 1
1026454 9
1330410 2
77518 13
1429683 1
300403 6
1461327 1
1384364 17
1160255 8
1638419 10
1575149 4
354808 3
1727285 15
1630953 10
598344 12
776909 2
1927742 40
1273213 16
1908302 26
619401 12
1369274 4
1628627 1
1602412 11
1288520 7
1729356 120
617033 3
1037061 5
1014756 2
1018247 6
702295 7
617038 2
1583796 4
460186 6
98347 8
1642722 30
1407577 2
1185317 9
1960643 2
139439 24
1295732 3
1875748 8
1054361 1
866679 74
1737649 250
1742611 28
1350586 5
1112336 10
1116849 7
703204 2
1102724 4
744647 10
292365 1
703208 2
1612907 10
1711241 31
1897290 4
1938770 5
1425508 3
916161 11
863396 5
551313 1
1399392 119
842653 29
1348297 2
2018788 1
1284864 1
603616 2
1018888 8
1927233 1
1101580 2
420892 5
766466 3
1291743 6
1603299 5
677900 5
97294 54
2000148 1
1201170 2
1922803 5
1758641 4
1946952 6
348850 1
1764764 3
1435449 1
1468003 6
150452 1
905386 2
250275 2
1168275 10
715700 5
1224016 4
1277309 13
1184577 3
1103365 1
1185822 1
1841651 35
1759744 13
1103362 1
1380541 2
767022 10
780235 7
348145 7
855590 1
139296 3
292611 2
1092517 1
303722 1
1110020 1
1847530 6
1200978 24
97977 10
1005727 34
1540346 1
1534998 68
1742315 1
2032738 41
1561990 7
1960950 1
1729227 10
1740640 23
1109473 11
1102333 1
1946821 2
749351 6
679169 1
839179 4
1033545 1
1632202 13
1622933 8
1554387 173
915349 92
824203 4
618895 29
1403678 2
1990939 1
1294008 2
1709088 8
824110 1
1460887 8
614966 25
489488 10
1078627 45
1094896 12
250659 389
1747302 1
2040523 4
975119 9
1624718 2
1398859 178
1001773 3
1856086 80
1420024 16
1712991 4
1610193 11
518706 10
760696 8
773849 2
1522924 27
1387041 1
601281 3
390581 19
1583986 7
336176 3
2025190 12
2045241 1
1294086 28
1459984 4
905725 1
1717376 5
649168 3
1053602 1
601110 20
1781995 8
829447 1
773992 1
1412858 3
260391 57
1013353 6
1599074 3
477111 7
1882651 7
1300341 3
1516342 6
911718 35
1740915 33
1732634 492
1713265 12
1300347 1
678584 5
867764 37
1555389 6
1526529 14
1183506 1
481715 1
1330885 3
291123 1
1650113 2
118870 1
1330882 2
1555678 3
2026043 1
360887 1
911883 1
1347812 2
1362853 6
658409 12
879343 6
1379663 1
1372359 4
1063786 15
301751 14
1046064 2
1371925 4
341611 13
1934604 2
1118913 18
784464 1
1368913 2
1892439 2
336004 44
1262652 2
845743 10
1090919 3
1463061 1
679432 1
1924873 20
1727545 1
1849723 15
1977729 6
2028832 2
534005 3
1764984 2
1740225 4
1349690 1
769312 7
1743952 12
1910384 1
1418608 1
265876 11
1901964 2
1524555 2
779776 15
1640549 31
842742 29
95106 1
1342297 2
1905869 2
455292 5
1010887 15
523547 9
837055 1
1349696 1
399522 1
1548227 13
1163487 4
437063 1
265477 4
432011 22
1363103 3
1362987 1
1090359 4
775116 2
1223915 2
132951 3
1651190 1
1011132 1
1910494 3
1119779 9
1764782 1
2023928 1
843001 1
1924901 2
1694270 5
1380075 1
1000459 1
315888 22
1349005 9
1332255 23
1225512 1
779110 6
1181728 5
123208 2
280600 1
1653485 291
1525950 2
1516186 1
287814 1
2060296 2
1750349 2
1692069 1
1908331 2
1098345 3
234901 20
860896 25
2047479 3
353733 6
1499344 5
300319 1
630694 7
361860 6
2030799 17
1481267 1
1633962 2
1938788 3
1015236 1
1025774 2
1251977 6
1585767 7
1295922 2
1016122 6
1936971 5
1295927 23
577332 16
1633665 4
1481066 6
1961638 23
331634 2
1314970 1
1851561 2
830724 7
705672 7
294986 3
2050838 8
676339 2
1596544 9
519545 1
1119219 1
621506 1
1361503 2
1284620 1
1358109 1
1243290 1
1415561 1
759641 7
607544 3
746820 1
1559739 3
526691 2
1633813 1
591238 6
1764220 1
1208549 48
1782335 1
1875925 4
1883949 125
1936773 1
1539028 1
1170096 1
921671 38
1010066 4
127124 1
590010 1
1575493 3
1990658 1
1553204 5
1630942 2
1126237 1
867609 19
1608399 1
913054 1
913115 1
267754 20
1160227 1
1011045 8
460178 6
1385576 1
1934808 19
1943190 2
412569 14
464181 7
1794095 1
1901915 5
1252047 1
1375334 2
234726 13
27799 1
1960868 17
218814 43
1170382 8
1975463 4
1064139 23
1758198 8
1285327 1
1271551 4
1961994 2
1282678 4
1630548 5
839287 2
354380 4
1349918 1
1066492 11
301118 27
400269 1088
1484699 23
98685 9
716574 2
1741659 1
1203895 20
1347740 46
1910516 1
1197862 190
1379330 13
361666 2
1649491 4
1923746 33
344028 11
341576 1
1548838 6
1845906 28
2031596 3
1003569 13
1349822 16
1574416 6
922416 3
1094078 1
843920 384
397907 28
1168288 4
1110448 4
780041 19
994516 2
766455 4
1928571 9
766322 7
1404915 4
1727567 28
613307 25
773295 5
1974399 677
1052846 10
714623 4
1272317 8
1422983 2
1522047 12
1181759 2
1320719 14
702408 31
1374280 3
702405 1
1887931 8
1837448 3
1909490 1
702403 1
1288504 3
1380407 4
1923855 10
963701 1
1339320 1
448320 445
1102713 1
783925 6
765092 20
1753726 3
1414956 1
1747792 133
1230064 176
1923323 1
1928401 4
908038 4
2046957 1
1001356 3
1556047 1
766529 14
598635 1
821869 10
905447 1
1729252 7
335922 6
1649949 1
1726565 2
446972 3
1349841 25
81060 7
467761 11
1999382 4
1356762 1
259003 2
1732134 29
1717169 4
1946837 1
1755820 8
2030749 10
1106718 31
1671563 2
1291754 8
555295 2
1845743 9
824106 2
648013 8
349006 6
293425 1
1421768 4
555299 8
1692169 1
705073 1
839298 1
1939652 4
99489 9
121054 7
1116819 5
1301379 2
1977198 17
1094972 2
1353808 7
649175 3
610097 11
422536 66
836262 7
676532 1
278510 8
1905038 1
1927820 6
1422692 7
1330323 4
350809 228
754063 1
754065 1
754067 7
1006846 11
821681 1
30756 1
1028851 1
481725 3
1429233 1
1239735 25
1602993 1
1480636 361
1418775 1
1124172 1
301749 1
1410191 1
677758 2
1895887 5
427658 17
658435 2
1787423 7
724647 2
1701293 4
98824 4
1356196 11
845758 2
120901 4
845755 2
676620 1
1238289 3
643821 1
446996 9
1222984 35
1062822 5
118283 2
1320288 2
829542 106
1158841 10
1961040 1
1364921 4
2013752 5
1188703 26
1750974 2
768526 2
1321080 2
1740233 5
123323 1
701198 2
1481650 4
782818 1
1023489 5
643923 3
1731539 7
2023698 7
99663 1
1574314 14
1845669 1
644609 1
905837 15
1584058 1
483384 94
1223903 3
919444 2
863579 5
399534 77
270805 2
1526778 23
30692 3
1712998 1
312195 1
704069 7
1555669 5
1090344 10
1631033 1
1412414 1
1262740 18
1717388 1
1432176 1
363183 9
1741001 5
1201767 12
1875805 1
1389094 6
1239637 1
1188481 52
1902150 3
475775 6
1647687 41
860975 23
1026051 25
1961298 2
1196365 2
1928640 2
95058 2
1319318 1
1523302 1
1236849 4
1110416 5
1527368 2
399332 6
1792644 1
1790284 3
338899 1
339384 5
1642894 16
94503 2
1791613 12
613687 4
1541758 1
1285260 1
1981031 8
1598276 553
1161076 11
844486 1
1932828 1
630687 3
1285266 1
2015855 4
350073 4
1648179 5
1380423 1
1744866 6
2028747 4
1026239 10
1237466 2
1384941 8
1011219 1
1648097 31
1406190 1
213582 4
1161093 3
1237389 2
863392 2
327481 2
1834953 7
1203406 24
1731627 1
1188890 1
302850 4
906505 10
717559 271
474583 6
1903471 2
555613 8
759630 2
759636 4
1924139 78
1203526 1
1000934 1
1406515 2
503546 9
262951 1
1754051 1
1237515 3
590069 12
121150 7
1103315 10
1857204 17
1408459 1
723120 4
1084547 180
1089628 28
475506 158
1937721 17
1168301 2
1630935 5
441529 3
1160230 24
77532 2
1928288 6
1119238 121
1034206 10
77535 5
98038 13
119649 3
1318284 2
1365218 7
1690228 2
1695012 1
747768 1
1359889 6
398379 8
1089326 6
354827 9
1288508 2
676294 3
1728816 5
266741 55
1553211 12
2054204 24
1103765 5
1095445 8
1407802 2
915502 7
1231453 1
1233567 1
1273013 2
1729337 2
301109 7
1623604 1
292290 1
449514 10
1623352 1
1288290 12
77156 1
1036038 4
1501105 9
1122653 1
435341 1
98425 2
616789 1
302655 2
1168331 1
1974268 1
715499 1
1603050 1
1168336 2
1110959 1
1648650 9
738962 4
1182378 2
614635 1
1903655 10
338276 3
1049273 969
1498040 1
1094000 2
422855 137
1271638 2
1034315 3
354049 4
995850 67
766338 2
77569 17
1330203 7
1379101 7
1874410 1
1990981 12
703122 1
2015762 14
1240731 6
1112921 10
1874422 3
1432771 3
586216 15
1975630 1
551505 1
259534 3
250254 7
1936121 4
1525090 4
1295154 19
1204626 328
615459 128
1056615 5
1722312 4
1702820 1
1978815 145
1412053 10
1217046 144
1354141 4
377402 1
962026 10
1330288 1
481391 74
1399628 2
909364 1
1092535 14
1412123 37
1747493 242
912036 7
547931 10
1205012 2
1086160 1
261398 1
348496 2
1872550 1
325372 5
821853 1
905293 1
1649330 1
297731 3
280844 3
1188391 3
1005413 3
1902453 1
341776 1
90508 1
1870771 3
749334 7
1591101 10
348014 18
96764 8
555281 6
1923866 22
139166 8
1515719 2
1974348 7
2008817 1
349014 9
1092157 1
1287744 1
235955 1
1932718 3
1612873 8
1077645 2
303679 1
1005891 1
824319 17
2060194 1
1331209 10
1609419 156
1620077 6
610084 2
1842325 2
766159 2
1928964 9
1609140 2
1395841 1
1978811 3
345050 10
1234359 11
836182 3
354877 1
836186 2
1768466 25
1024163 1
1301816 1
1937835 5
1163028 5
555139 5
1849624 7
1092081 4
555136 1
1974319 4
662826 1
1552292 1
96043 11
1296087 1
658423 1
1713020 6
1387153 4
761653 22
321223 37
1201846 5
1319124 4
332011 1
1369224 11
676617 1
1099611 2
1650916 1
1975454 3
1755638 7
1648560 2
1622234 9
1158874 2
1228040 1
1608281 103
1589433 36
490819 32
1525742 4
1417373 11
1433369 7
120918 5
1182768 2
726854 67
1363697 1
1958787 4
1412353 10
1365538 4
456835 6
278233 12
1341831 1
1185559 128
779754 7
1932851 4
1982719 2
1742253 16
1460533 36
644611 1
265819 1
2009010 2
295556 1
1992320 2
1925699 1
906266 4
421556 8
432964 1
302512 1
83225 7
1028814 27
219187 1
421472 4
1004153 2
919399 14
288349 1
1396731 1
2030819 2
1606501 1
1021283 1
1768197 5
1901356 2
1090377 226
769427 45
534159 17
608418 183
769206 24
94999 1
1016499 1
1011445 4
1349928 1
1269790 4
746683 1
83002 1
1847288 7
1003447 1
702983 13
1642882 1
95024 4
95029 1
1463538 11
1485102 7
1119152 4
1349026 3
444588 2
270906 9
1715786 1
1723805 6
1908734 2
1181864 2
1047590 4
766948 3
2060258 1
766946 1
746758 22
766944 1
1924234 28
1421908 17
1546090 6
769689 1
435805 19
1386171 20
961834 4
1849594 1
1797199 3
1263572 169
1781901 3
1003983 3
1046430 94
1648148 19
1522983 16
778246 14
1976004 1
1764042 4
1960559 19
1247642 133
1744874 8
1870675 1
1648145 1
1895395 2
1712939 3
716179 1
995665 8
1099353 11
1460750 6
451632 2
1107045 5
779625 1
315994 16
1124395 3
1523008 1
1485037 1
1908208 1
837497 1
1872552 1
1960486 1
1590955 1
1425187 1
1648546 11
1924841 12
1416347 2
1420117 1
1237218 107
1027809 1
1100390 38
332523 9
1285200 10
1540923 1
836071 1
463664 5
1936712 3
526095 2
1980197 1
842737 2
1526354 4
977069 5
1722270 1
1941782 2
1384848 4
1500521 1
1575478 1
1974196 2
1791831 1
1559799 27
1159823 3
1240827 1
866824 19
1690316 230
1561723 25
1359896 21
830692 3
2026262 2
149635 3
2048041 28
863924 15
1719592 6
1237457 1
2015541 6
675952 6
1947124 7
1237452 3
1791479 4
1237573 2
463719 6
2001475 1
630255 20
1975175 1
431699 3
1931271 73
1197841 2
846090 3
625878 2
1729306 6
1014943 3
1625105 2
126856 28
445981 12
1605874 11
1026023 13
616797 4
1417071 1
523785 2
551291 10
374912 1
1875735 11
287696 12
845765 18
598260 1
1526197 26
2036168 1
523149 6
1489066 1
1348579 1
2018977 7
1056759 5
1560529 1
1209253 4
1740072 2
1056595 1
1732382 1
1935797 8
1285276 11
1634671 6
551347 4
1718745 5
1362232 2
244821 1
995842 1
904734 30
1004429 6
1366932 4
436906 8
1357768 1
1428758 1
301009 3
548824 258
684501 3
287761 6
1576323 19
1240748 8
1932831 2
1752217 4
1718708 7
1545558 5
1935620 5
1553409 7
1055684 157
1743291 12
1994757 2
1922839 31
1320843 6
1938922 1
1871229 26
436873 2
1185299 3
1841608 7
1522029 6
1227871 3
1210579 16
1633425 3
1729497 4
1316097 3
1521097 8
1764361 6
1872546 1
335943 4
1089345 1
1109442 13
1588736 3
1237985 2
1576951 294
1973783 2
1294140 16
1294417 1
1563390 7
1005060 26
1333980 2
719005 2
315457 2
1429284 5
1540314 18
780156 5
1589600 1
1124382 2
1065820 31
431676 21
1521426 16
1331572 1
852793 5
662906 2
1319849 10
703067 6
1423831 1
96773 2
1363156 3
1240694 2
96776 1
683086 38
1003850 7
2027779 1
1671541 4
1001562 10
1922545 9
1548727 1
297890 16
1469750 2
1826721 34
1932727 3
875120 177
1977883 1
1834785 2
1712255 3
1744415 150
1088839 6
423028 614
1002141 1
948080 8
649197 2
1234184 2
616813 1
261237 1
1634772 1
1591611 12
1574358 9
1620996 2
1421877 30
1294115 2
679085 15
1357544 3
1014435 22
836195 1
836197 7
1501424 949
524048 2
1426647 1
1833166 1
773257 1
1928602 6
1598860 10
555146 1
1387161 2
658453 1
1647450 198
1576919 11
1003638 7
658455 12
823202 21
1562601 4
1650125 4
99049 1
836336 2
1552090 4
455487 15
1226905 6
976231 4
1781890 1
1534666 23
1985654 405
1463187 2
302665 6
95482 4
1895884 1
265397 1
610741 1
705181 1
1409473 3
1729171 23
142219 5
943950 3
1463059 1
726845 2
1348598 3
865388 1
679463 3
1883312 3
677480 1
677487 1
1187077 4
1252000 2
123349 14
1321883 1
1460502 9
1761656 768
280745 1
1352931 1
437189 2
1257432 1
1634953 48
705235 5
295547 5
1120019 157
918159 3
948420 1
95158 1
1334511 1
943712 6
1334514 18
704044 13
1294967 3
1488392 44
29305 10
2032534 21
1086401 1
716832 12
1539662 48
264628 5
835881 33
1534194 5
626467 1
435967 1
772720 4
1090634 9
1560726 3
752154 94
1553454 1
1745687 9
361100 2
1460618 1
1905550 144
532886 1
1078121 1
1630632 40
473086 49
521147 1
1236824 11
759500 1
2045595 7
759502 1
1009975 1
759505 2
1980839 1
868743 12
585843 3
1776729 2
761683 7
875868 4
1928956 6
1625014 2
2015963 9
1845761 5
705520 1
1717058 1
769325 5
1562561 4
1407843 3
1294012 17
1638923 18
1581114 20
1384030 13
1016550 3
1223053 11
1740363 3
1934214 2
1630703 19
1203923 1
1960537 1
118440 1
1897299 3
1923822 23
1745045 1
311601 1
1350584 1
1740560 2
1979043 2
1006870 12
1649999 1
237836 1
769105 2
331642 9
1851552 5
1935361 1
1560737 1
1104669 3
1523060 1
1118529 34
1858026 27
1354421 10
2009487 846
1649484 2
920133 2
474563 5
194627 36
1048789 1
771717 12
1998579 8
746302 6
1931866 10
2015908 1
630026 1
591245 23
2026051 13
1924829 2
1284605 13
722920 1
585061 1
777018 2
1004452 7
1065016 3
1065011 3
355137 3
1897296 1
1935108 1
1781312 26
1116270 6
1930159 11
862197 1
774762 1
1630910 20
1295880 1
1763014 1
118598 1
337499 68
1910554 1
1106632 6
1924069 1
1369238 4
1901360 7
1047169 22
1348930 1
1332280 5
1791448 12
1237445 6
1037408 2
783086 18
630243 3
1628068 3
1100160 5
1575225 4
1761030 27
1756208 14
1729649 166
1689840 3
1101634 2
1302388 4
1897096 7
1729316 8
1019330 2
1085367 7
843257 5
532723 1
1974337 2
432122 2
445998 7
1741996 1
1895778 1
259707 6
310391 1
551902 1
315072 2
995574 14
1390291 1
1339975 1
361658 4
1393456 44
1990304 8
1522251 97
460417 1
1649608 7
2004740 6
1897567 50
1522599 4
1413326 2
1996828 76
1897545 16
1374123 10
292389 15
1004412 10
1755928 3
2029305 20
1354192 1
1847507 3
262023 3
2047198 1
392384 2
1054292 14
2034791 4
1386643 1
2034797 4
921886 2
1997665 8
748239 6
761803 1
249072 204
1576613 5
702292 1
1931162 105
1004097 2
1339619 1
1101050 92
2031307 2
1284860 1
77776 1
1928308 42
150526 15
1393355 4
436866 6
1053244 1
1210567 3
839071 9
1519332 1
1185287 1
335951 7
98476 3
1343459 4
1339153 1
550713 1
292653 1
1651517 28
1563414 8
1339629 2
1651041 1
376183 2
234898 2
1201041 7
353875 18
1845805 14
1765762 11
1728806 3
617211 1
1101418 2
780166 4
1334044 1
1430410 1
1198709 6
1936216 12
1990970 1
1124532 19
678382 1
1589502 8
293419 1
1188370 1
1482215 1
1589536 3
617692 2
1609307 9
1718626 7
1321212 1
422720 1
1482218 1
122993 1
2054863 6
1353830 4
270453 1
1272083 1
1466292 17
1977167 1
1625805 82
717976 6
303654 1
829487 3
1529757 2
567778 573
1422439 8
523430 1
1024542 1
1656087 8
2060170 2
1959172 4
2007412 4
1732088 1
1484748 1
1330195 1
1959179 1
766482 4
1721798 110
1234376 6
1546252 90
1013797 2
2050909 30
739972 4
340754 8
555155 1
117601 1
1767925 1
647976 3
677766 64
2000586 1
906668 14
1005101 2
2036731 15
1847310 1
1605353 1
1009637 195
265230 48
1552812 1
1924922 4
726945 1
520020 46
1990514 1
739993 1
616970 3
723085 1
1962413 1
1466072 2
1382473 2
1941732 5
601644 13
1158899 13
847963 5
1363699 6
1365028 1
314218 8
1384903 8
1090950 1
1653931 3
627704 1
1028266 3
278493 7
1330285 1
912505 6
1671549 5
1485346 1
1025434 1
1842762 5
265342 4
1287383 3
677497 4
1259906 2
1985621 8
2009092 392
1934994 30
1046198 82
1110331 1
1318244 8
1842695 1
1363170 10
125234 5
1982371 7
294008 1
1841282 3
1031082 215
1035297 4
1321639 2
1271055 3
1035293 1
463268 8
347347 1
1948330 1
1294913 45
1005855 30
1013871 13
1331001 7
336190 54
1001103 4
1856995 13
1055885 1
1300365 1
1590990 18
1712038 1
2034803 2
1296041 27
232723 2
1780911 1
1605915 2
1123737 15
1029351 1
1354126 8
1744899 6
1405708 1
1025054 53
1047378 2
265906 103
677384 7
423829 3
1463554 1
1263554 6
906687 2
760742 1
332616 11
1275157 1
630656 3
1110427 7
761695 5
1427265 11
1110423 1
1995638 23
977958 10
846617 8
1549231 2
847639 1
749789 5
1359875 13
435829 6
864607 20
1489085 2
1338445 1
905033 12
862291 1
440823 18
1641939 1
1909249 2
288479 26
126616 1
1871360 1
648923 1
303223 9
759929 1
1760282 16
1740008 2
867390 2
1501383 1
349081 3
1552719 7
1095677 13
676414 16
1372092 2
97945 1
1764964 1
1353905 8
97941 1
1758023 4
234890 7
837702 1
746311 13
1247790 3
234545 1
1768050 1
1332309 6
1798684 8
777009 8
684450 3
1461397 4
1412108 1
684459 11
777002 6
1012516 4
430291 19
1562092 6
1223043 2
1294975 7
1743453 1
1833645 3
1272211 9
1526400 3
1611859 373
1265252 1
343915 5
995737 11
1895029 2
765267 6
96206 6
1291763 3
1257461 2
1384912 6
1349575 8
361399 16
1384919 5
1525723 1
1469706 20
